   0.0000000000000000       0.99999999999997446     
   8.5714285714285719E-003  0.99999999999996581     
   1.7142857142857144E-002  0.99999999999984479     
   2.5714285714285717E-002   1.0000000000000000     
   3.4285714285714287E-002  0.99999999999998268     
   4.2857142857142858E-002  0.99999999999998401     
   5.1428571428571435E-002  0.99999999999998512     
   6.0000000000000005E-002  0.99999999999998612     
   6.8571428571428575E-002  0.99999999999998590     
   7.7142857142857152E-002  0.99999999999997280     
   8.5714285714285715E-002   1.0000000000000000     
   9.4285714285714292E-002  0.99999999999999012     
  0.10285714285714287       0.99999999999999067     
  0.11142857142857143       0.99999999999999145     
  0.12000000000000001       0.99999999999999201     
  0.12857142857142859       0.99999999999999223     
  0.13714285714285715       0.99999999999998790     
  0.14571428571428571       0.99999999999992939     
  0.15428571428571430        1.0000000000000000     
  0.16285714285714287       0.99999999999999456     
  0.17142857142857143       0.99999999999999489     
  0.18000000000000002       0.99999999999999512     
  0.18857142857142858       0.99999999999999334     
  0.19714285714285715       0.99999999999996581     
  0.20571428571428574        1.0000000000000000     
  0.21428571428571430       0.99999999999999645     
  0.22285714285714286       0.99999999999999678     
  0.23142857142857143       0.99999999999999700     
  0.24000000000000002       0.99999999999999711     
  0.24857142857142858       0.99999999999999678     
  0.25714285714285717       0.99999999999998868     
  0.26571428571428574        1.0000000000000000     
  0.27428571428571430       0.99999999999999778     
  0.28285714285714286       0.99999999999999789     
  0.29142857142857143       0.99999999999999778     
  0.29999999999999999       0.99999999999999423     
  0.30857142857142861        1.0000000000000000     
  0.31714285714285717       0.99999999999999845     
  0.32571428571428573       0.99999999999999867     
  0.33428571428571430       0.99999999999999856     
  0.34285714285714286       0.99999999999999856     
  0.35142857142857142       0.99999999999999600     
  0.36000000000000004        1.0000000000000000     
  0.36857142857142861       0.99999999999999900     
  0.37714285714285717       0.99999999999999911     
  0.38571428571428573       0.99999999999999911     
  0.39428571428571429       0.99999999999999911     
  0.40285714285714286       0.99999999999999922     
  0.41142857142857148       0.99999999999999922     
  0.42000000000000004       0.99999999999999789     
  0.42857142857142860        1.0000000000000000     
  0.43714285714285717       0.99999999999999944     
  0.44571428571428573       0.99999999999999944     
  0.45428571428571429       0.99999999999999956     
  0.46285714285714286       0.99999999999999956     
  0.47142857142857147       0.99999999999999900     
  0.48000000000000004        1.0000000000000000     
  0.48857142857142860       0.99999999999999956     
  0.49714285714285716       0.99999999999999967     
  0.50571428571428578       0.99999999999999956     
  0.51428571428571435       0.99999999999999956     
  0.52285714285714291       0.99999999999999867     
  0.53142857142857147        1.0000000000000000     
  0.54000000000000004       0.99999999999999978     
  0.54857142857142860       0.99999999999999978     
  0.55714285714285716       0.99999999999999978     
  0.56571428571428573       0.99999999999999978     
  0.57428571428571429       0.99999999999999933     
  0.58285714285714285        1.0000000000000000     
  0.59142857142857141       0.99999999999999989     
  0.59999999999999998       0.99999999999999989     
  0.60857142857142865       0.99999999999999989     
  0.61714285714285722       0.99999999999999989     
  0.62571428571428578       0.99999999999999989     
  0.63428571428571434       0.99999999999999978     
  0.64285714285714290       0.99999999999999789     
  0.65142857142857147        1.0000000000000000     
  0.66000000000000003       0.99999999999999989     
  0.66857142857142859       0.99999999999999989     
  0.67714285714285716        1.0000000000000000     
  0.68571428571428572       0.99999999999999989     
  0.69428571428571428       0.99999999999999944     
  0.70285714285714285        1.0000000000000000     
  0.71142857142857141       0.99999999999999978     
  0.72000000000000008        1.0000000000000000     
  0.72857142857142865       0.99999999999999978     
  0.73714285714285721        1.0000000000000000     
  0.74571428571428577       0.99999999999999978     
  0.75428571428571434        1.0000000000000000     
  0.76285714285714290       0.99999999999999989     
  0.77142857142857146       0.99999999999999989     
  0.78000000000000003        1.0000000000000000     
  0.78857142857142859        1.0000000000000000     
  0.79714285714285715        1.0000000000000000     
  0.80571428571428572       0.99999999999999989     
  0.81428571428571428        1.0000000000000000     
  0.82285714285714295        1.0000000000000000     
  0.83142857142857152        1.0000000000000000     
  0.84000000000000008       0.99999999999999989     
  0.84857142857142864       0.99999999999999911     
  0.85714285714285721        1.0000000000000000     
  0.86571428571428577        1.0000000000000000     
  0.87428571428571433        1.0000000000000000     
  0.88285714285714290        1.0000000000000000     
  0.89142857142857146        1.0000000000000000     
  0.90000000000000002        1.0000000000000000     
  0.90857142857142859        1.0000000000000000     
  0.91714285714285715       0.99999999999999978     
  0.92571428571428571        1.0000000000000000     
  0.93428571428571439        1.0000000000000000     
  0.94285714285714295        1.0000000000000000     
  0.95142857142857151        1.0000000000000000     
  0.96000000000000008        1.0000000000000000     
  0.96857142857142864        1.0000000000000000     
  0.97714285714285720       0.99999999999999978     
  0.98571428571428577        1.0000000000000000     
  0.99428571428571433        1.0000000000000000     
   1.0028571428571429        1.0000000000000000     
   1.0114285714285716        1.0000000000000000     
   1.0200000000000000        1.0000000000000000     
   1.0285714285714287        1.0000000000000000     
   1.0371428571428571        1.0000000000000000     
   1.0457142857142858        1.0000000000000000     
   1.0542857142857143        1.0000000000000000     
   1.0628571428571429        1.0000000000000000     
   1.0714285714285714        1.0000000000000000     
   1.0800000000000001        1.0000000000000000     
   1.0885714285714285        1.0000000000000000     
   1.0971428571428572        1.0000000000000000     
   1.1057142857142859        1.0000000000000000     
   1.1142857142857143        1.0000000000000000     
   1.1228571428571430        1.0000000000000000     
   1.1314285714285715        1.0000000000000000     
   1.1400000000000001        1.0000000000000000     
   1.1485714285714286        1.0000000000000000     
   1.1571428571428573        1.0000000000000000     
   1.1657142857142857        1.0000000000000000     
   1.1742857142857144        1.0000000000000000     
   1.1828571428571428        1.0000000000000000     
   1.1914285714285715        1.0000000000000000     
   1.2000000000000000        1.0000000000000000     
   1.2085714285714286        1.0000000000000000     
   1.2171428571428573        1.0000000000000000     
   1.2257142857142858        1.0000000000000000     
   1.2342857142857144        1.0000000000000000     
   1.2428571428571429        1.0000000000000000     
   1.2514285714285716        1.0000000000000000     
   1.2600000000000000        1.0000000000000000     
   1.2685714285714287        1.0000000000000000     
   1.2771428571428571        1.0000000000000000     
   1.2857142857142858        1.0000000000000000     
   1.2942857142857143        1.0000000000000000     
   1.3028571428571429        1.0000000000000000     
   1.3114285714285714        1.0000000000000000     
   1.3200000000000001        1.0000000000000000     
   1.3285714285714287        1.0000000000000000     
   1.3371428571428572        1.0000000000000000     
   1.3457142857142859        1.0000000000000000     
   1.3542857142857143        1.0000000000000000     
   1.3628571428571430        1.0000000000000000     
   1.3714285714285714        1.0000000000000000     
   1.3800000000000001        1.0000000000000000     
   1.3885714285714286        1.0000000000000000     
   1.3971428571428572        1.0000000000000000     
   1.4057142857142857        1.0000000000000000     
   1.4142857142857144        1.0000000000000000     
   1.4228571428571428        1.0000000000000000     
   1.4314285714285715       0.99999999999999989     
   1.4400000000000002        1.0000000000000002     
   1.4485714285714286        1.0000000000000031     
   1.4571428571428573        1.0000000000000029     
   1.4657142857142857       0.99999999999999722     
   1.4742857142857144       0.99999999999999967     
   1.4828571428571429        1.0000000000000049     
   1.4914285714285715        1.0000000000000118     
   1.5000000000000000        1.0000000000000679     
   1.5085714285714287        1.0000000000003058     
   1.5171428571428571        1.0000000000011449     
   1.5257142857142858        1.0000000000041016     
   1.5342857142857143        1.0000000000137537     
   1.5428571428571429        1.0000000000431366     
   1.5514285714285716        1.0000000001263931     
   1.5600000000000001        1.0000000003458385     
   1.5685714285714287        1.0000000008828933     
   1.5771428571428572        1.0000000021009523     
   1.5857142857142859        1.0000000046551467     
   1.5942857142857143        1.0000000095939445     
   1.6028571428571430        1.0000000183718216     
   1.6114285714285714        1.0000000326598277     
   1.6200000000000001        1.0000000538694267     
   1.6285714285714286        1.0000000824484028     
   1.6371428571428572        1.0000001172388837     
   1.6457142857142859        1.0000001553702720     
   1.6542857142857144        1.0000001930636548     
   1.6628571428571430        1.0000002272670026     
   1.6714285714285715        1.0000002574445206     
   1.6800000000000002        1.0000002866297213     
   1.6885714285714286        1.0000003212853410     
   1.6971428571428573        1.0000003702316627     
   1.7057142857142857        1.0000004431011162     
   1.7142857142857144        1.0000005483110841     
   1.7228571428571429        1.0000006903597058     
   1.7314285714285715        1.0000008673300349     
   1.7400000000000000        1.0000010709592557     
   1.7485714285714287        1.0000012912104339     
   1.7571428571428573        1.0000015241358635     
   1.7657142857142858        1.0000017786318465     
   1.7742857142857145        1.0000020777796137     
   1.7828571428571429        1.0000024537177850     
   1.7914285714285716        1.0000029380613566     
   1.8000000000000000        1.0000035513480983     
   1.8085714285714287        1.0000042963004712     
   1.8171428571428572        1.0000051606406193     
   1.8257142857142858        1.0000061318541507     
   1.8342857142857143        1.0000072179343067     
   1.8428571428571430        1.0000084614815310     
   1.8514285714285714        1.0000099370017987     
   1.8600000000000001        1.0000117311141006     
   1.8685714285714288        1.0000139152877572     
   1.8771428571428572        1.0000165261437086     
   1.8857142857142859        1.0000195678980917     
   1.8942857142857144        1.0000230418424074     
   1.9028571428571430        1.0000269899272840     
   1.9114285714285715        1.0000315255974754     
   1.9200000000000002        1.0000368293036446     
   1.9285714285714286        1.0000431075181875     
   1.9371428571428573        1.0000505380745817     
   1.9457142857142857        1.0000592367028793     
   1.9542857142857144        1.0000692725903630     
   1.9628571428571429        1.0000807334107022     
   1.9714285714285715        1.0000938051423722     
   1.9800000000000002        1.0001088145712127     
   1.9885714285714287        1.0001262014340866     
   1.9971428571428573        1.0001464324563967     
   2.0057142857142858        1.0001699112745013     
   2.0142857142857142        1.0001969485554447     
   2.0228571428571431        1.0002278257628292     
   2.0314285714285716        1.0002629259098830     
   2.0400000000000000        1.0003028527404569     
   2.0485714285714285        1.0003484567437624     
   2.0571428571428574        1.0004007430341952     
   2.0657142857142858        1.0004607164541983     
   2.0742857142857143        1.0005292698552579     
   2.0828571428571427        1.0006072048786572     
   2.0914285714285716        1.0006953947029340     
   2.1000000000000001        1.0007949998145984     
   2.1085714285714285        1.0009075998316994     
   2.1171428571428574        1.0010351480539805     
   2.1257142857142859        1.0011797706105405     
   2.1342857142857143        1.0013435422823196     
   2.1428571428571428        1.0015284015446533     
   2.1514285714285717        1.0017362890711767     
   2.1600000000000001        1.0019694501522096     
   2.1685714285714286        1.0022307220713846     
   2.1771428571428570        1.0025236209000183     
   2.1857142857142859        1.0028521626793621     
   2.1942857142857144        1.0032205304675419     
   2.2028571428571428        1.0036328125677927     
   2.2114285714285717        1.0040930099975272     
   2.2200000000000002        1.0046053478433954     
   2.2285714285714286        1.0051747256482075     
   2.2371428571428571        1.0058070345352050     
   2.2457142857142860        1.0065091367620298     
   2.2542857142857144        1.0072885110241148     
   2.2628571428571429        1.0081527880078387     
   2.2714285714285714        1.0091093284491544     
   2.2800000000000002        1.0101655322060661     
   2.2885714285714287        1.0113308885273038     
   2.2971428571428572        1.0126122591210156     
   2.3057142857142860        1.0140227215647641     
   2.3142857142857145        1.0155715756914525     
   2.3228571428571430        1.0172742778230177     
   2.3314285714285714        1.0191403841114892     
   2.3400000000000003        1.0211858970866918     
   2.3485714285714288        1.0234207677642415     
   2.3571428571428572        1.0258586287709104     
   2.3657142857142857        1.0285164319688478     
   2.3742857142857146        1.0314087732868866     
   2.3828571428571430        1.0345538252379467     
   2.3914285714285715        1.0379724787416731     
   2.3999999999999999        1.0416806320839409     
   2.4085714285714288        1.0457003456409606     
   2.4171428571428573        1.0500458781851565     
   2.4257142857142857        1.0547407505083584     
   2.4342857142857146        1.0598005754199245     
   2.4428571428571431        1.0652528912231363     
   2.4514285714285715        1.0711175508448334     
   2.4600000000000000        1.0774194522979688     
   2.4685714285714289        1.0841855614794678     
   2.4771428571428573        1.0914361557187551     
   2.4857142857142858        1.0991935517563407     
   2.4942857142857142        1.1074824084041948     
   2.5028571428571431        1.1163230180538395     
   2.5114285714285716        1.1257404885975126     
   2.5200000000000000        1.1357602786582390     
   2.5285714285714289        1.1464076274118209     
   2.5371428571428574        1.1577089124312210     
   2.5457142857142858        1.1696854003632156     
   2.5542857142857143        1.1823575134393958     
   2.5628571428571432        1.1957458419235016     
   2.5714285714285716        1.2098653602627836     
   2.5800000000000001        1.2247374348070537     
   2.5885714285714285        1.2403773204140323     
   2.5971428571428574        1.2568030608560417     
   2.6057142857142859        1.2740333477943064     
   2.6142857142857143        1.2920792675570623     
   2.6228571428571428        1.3109504144337838     
   2.6314285714285717        1.3306545590576528     
   2.6400000000000001        1.3511916191891322     
   2.6485714285714286        1.3725614504807639     
   2.6571428571428575        1.3947646411232435     
   2.6657142857142859        1.4177961946776403     
   2.6742857142857144        1.4416514620385801     
   2.6828571428571428        1.4663248024073661     
   2.6914285714285717        1.4918017833956216     
   2.7000000000000002        1.5180646619902423     
   2.7085714285714286        1.5450921729911020     
   2.7171428571428571        1.5728539100116934     
   2.7257142857142860        1.6013177940554126     
   2.7342857142857144        1.6304510984164609     
   2.7428571428571429        1.6602148194162423     
   2.7514285714285718        1.6905696210956795     
   2.7600000000000002        1.7214748343214679     
   2.7685714285714287        1.7528811950207173     
   2.7771428571428571        1.7847359511212175     
   2.7857142857142860        1.8169824821493825     
   2.7942857142857145        1.8495548836281452     
   2.8028571428571429        1.8823850574758578     
   2.8114285714285714        1.9154040110353494     
   2.8200000000000003        1.9485362571512885     
   2.8285714285714287        1.9817114161597842     
   2.8371428571428572        2.0148515072372768     
   2.8457142857142856        2.0478794499101283     
   2.8542857142857145        2.0807171527320847     
   2.8628571428571430        2.1132787411156402     
   2.8714285714285714        2.1454771276935940     
   2.8800000000000003        2.1772244994633492     
   2.8885714285714288        2.2084267997606437     
   2.8971428571428572        2.2389964463176875     
   2.9057142857142857        2.2688409805380556     
   2.9142857142857146        2.2978730750572542     
   2.9228571428571430        2.3260095321441341     
   2.9314285714285715        2.3531648356014117     
   2.9399999999999999        2.3792569927054359     
   2.9485714285714288        2.4042068063780833     
   2.9571428571428573        2.4279321943695793     
   2.9657142857142857        2.4503545251659959     
   2.9742857142857146        2.4713994387852267     
   2.9828571428571431        2.4909918999356595     
   2.9914285714285715        2.5090676639124738     
   3.0000000000000000        2.5255617069729981     
   3.0085714285714289        2.5404226826361498     
   3.0171428571428573        2.5535987499221573     
   3.0257142857142858        2.5650472133070905     
   3.0342857142857143        2.5747325073137923     
   3.0428571428571431        2.5826199037449817     
   3.0514285714285716        2.5886816911995592     
   3.0600000000000001        2.5928970199573551     
   3.0685714285714285        2.5952463001395438     
   3.0771428571428574        2.5957221415817155     
   3.0857142857142859        2.5943186969379068     
   3.0942857142857143        2.5910404496318868     
   3.1028571428571432        2.5859012383072706     
   3.1114285714285717        2.5789178770490446     
   3.1200000000000001        2.5701198792777822     
   3.1285714285714286        2.5595364938120113     
   3.1371428571428575        2.5472095423514940     
   3.1457142857142859        2.5331784019109773     
   3.1542857142857144        2.5174948239847081     
   3.1628571428571428        2.5002081700182814     
   3.1714285714285717        2.4813757524647091     
   3.1800000000000002        2.4610612317938818     
   3.1885714285714286        2.4393283039915743     
   3.1971428571428575        2.4162513774608989     
   3.2057142857142860        2.3919025957115307     
   3.2142857142857144        2.3663650920349268     
   3.2228571428571429        2.3397177442004287     
   3.2314285714285718        2.3120494645696952     
   3.2400000000000002        2.2834429342322977     
   3.2485714285714287        2.2539897063071992     
   3.2571428571428571        2.2237746594673826     
   3.2657142857142860        2.1928860622421587     
   3.2742857142857145        2.1614134680840662     
   3.2828571428571429        2.1294413982549134     
   3.2914285714285718        2.0970596364035865     
   3.3000000000000003        2.0643509007404242     
   3.3085714285714287        2.0314037471176714     
   3.3171428571428572        1.9982984647503967     
   3.3257142857142861        1.9651208347324709     
   3.3342857142857145        1.9319471732655757     
   3.3428571428571430        1.8988585176876276     
   3.3514285714285714        1.8659253465660597     
   3.3600000000000003        1.8332221173888286     
   3.3685714285714288        1.8008129504482235     
   3.3771428571428572        1.7687611974747044     
   3.3857142857142857        1.7371275674148323     
   3.3942857142857146        1.7059645767720939     
   3.4028571428571430        1.6753259988340619     
   3.4114285714285715        1.6452560129513800     
   3.4200000000000004        1.6158009810689953     
   3.4285714285714288        1.5869972602883060     
   3.4371428571428573        1.5588837116184613     
   3.4457142857142857        1.5314889631519046     
   3.4542857142857146        1.5048441907760468     
   3.4628571428571431        1.4789702010914103     
   3.4714285714285715        1.4538903322987948     
   3.4800000000000000        1.4296175910031828     
   3.4885714285714289        1.4061676026794920     
   3.4971428571428573        1.3835459351704893     
   3.5057142857142858        1.3617610219569738     
   3.5142857142857147        1.3408117191579696     
   3.5228571428571431        1.3207001033872365     
   3.5314285714285716        1.3014192586620879     
   3.5400000000000000        1.2829658521551457     
   3.5485714285714289        1.2653281397860290     
   3.5571428571428574        1.2484982521708308     
   3.5657142857142858        1.2324604279380931     
   3.5742857142857143        1.2172029810260381     
   3.5828571428571432        1.2027067943567671     
   3.5914285714285716        1.1889569675673741     
   3.6000000000000001        1.1759316125513362     
   3.6085714285714285        1.1636131879681100     
   3.6171428571428574        1.1519776289047521     
   3.6257142857142859        1.1410053652826855     
   3.6342857142857143        1.1306707990597860     
   3.6428571428571432        1.1209529898014206     
   3.6514285714285717        1.1118254763200732     
   3.6600000000000001        1.1032666048790711     
   3.6685714285714286        1.0952496853945330     
   3.6771428571428575        1.0877529400134804     
   3.6857142857142859        1.0807499871673534     
   3.6942857142857144        1.0742193978804448     
   3.7028571428571428        1.0681355090660798     
   3.7114285714285717        1.0624775859565903     
   3.7200000000000002        1.0572209730840345     
   3.7285714285714286        1.0523458686629208     
   3.7371428571428575        1.0478288240829794     
   3.7457142857142860        1.0436499188136665     
   3.7542857142857144        1.0397911955663648     
   3.7628571428571429        1.0362294214711465     
   3.7714285714285718        1.0329490507985477     
   3.7800000000000002        1.0299295675075251     
   3.7885714285714287        1.0271547255666162     
   3.7971428571428572        1.0246101937171854     
   3.8057142857142860        1.0222762945628605     
   3.8142857142857145        1.0201412799873948     
   3.8228571428571430        1.0181884520570716     
   3.8314285714285714        1.0164053844923977     
   3.8400000000000003        1.0147814475005743     
   3.8485714285714288        1.0133009438244398     
   3.8571428571428572        1.0119556816905175     
   3.8657142857142861        1.0107327890474447     
   3.8742857142857146        1.0096233440835689     
   3.8828571428571430        1.0086199842450507     
   3.8914285714285715        1.0077106766830961     
   3.9000000000000004        1.0068889583710483     
   3.9085714285714288        1.0061492507698371     
   3.9171428571428573        1.0054810336282771     
   3.9257142857142857        1.0048795282429170     
   3.9342857142857146        1.0043406108611070     
   3.9428571428571431        1.0038552579816318     
   3.9514285714285715        1.0034200239831408     
   3.9600000000000004        1.0030319584693168     
   3.9685714285714289        1.0026834242612770     
   3.9771428571428573        1.0023720387317485     
   3.9857142857142858        1.0020957795224823     
   3.9942857142857147        1.0018482617959008     
   4.0028571428571427        1.0016279222108977     
   4.0114285714285716        1.0014321181641890     
   4.0200000000000005        1.0012600129636986     
   4.0285714285714285        1.0011057479878869     
   4.0371428571428574        1.0009691217255392     
   4.0457142857142863        1.0008496309990069     
   4.0542857142857143        1.0007428642569052     
   4.0628571428571432        1.0006487246667251     
   4.0714285714285721        1.0005656973499533     
   4.0800000000000001        1.0004926954832782     
   4.0885714285714290        1.0004301405989171     
   4.0971428571428570        1.0003736468017521     
   4.1057142857142859        1.0003242671041728     
   4.1142857142857148        1.0002809687991463     
   4.1228571428571428        1.0002430232716486     
   4.1314285714285717        1.0002110775759294     
   4.1400000000000006        1.0001828317633938     
   4.1485714285714286        1.0001570312725043     
   4.1571428571428575        1.0001361289326363     
   4.1657142857142855        1.0001171025563287     
   4.1742857142857144        1.0001006945246436     
   4.1828571428571433        1.0000839340542673     
   4.1914285714285713        1.0000741666574808     
   4.2000000000000002        1.0000639706746539     
   4.2085714285714291        1.0000548057564160     
   4.2171428571428571        1.0000468962190443     
   4.2257142857142860        1.0000400793227737     
   4.2342857142857149        1.0000342070833506     
   4.2428571428571429        1.0000291583884942     
   4.2514285714285718        1.0000133492102479     
   4.2599999999999998        1.0000211135985604     
   4.2685714285714287        1.0000179342444817     
   4.2771428571428576        1.0000152118925680     
   4.2857142857142856       0.99965894473645711     
   4.2942857142857145        1.0000109030176216     
   4.3028571428571434        1.0000092132998399     
   4.3114285714285714        1.4988858610565296E-003
   4.3200000000000003        1.0000065560455342     
   4.3285714285714292        1.0000055208908094     
   4.3371428571428572        1.0000046441450539     
   4.3457142857142861        1.0000039025612830     
   4.3542857142857141        1.0000032761101967     
   4.3628571428571430        1.0000027475634183     
   4.3714285714285719        1.0000023021333668     
   4.3799999999999999        1.0000019271510503     
   4.3885714285714288        1.0000016117877493     
   4.3971428571428577        1.0000013468056148     
   4.4057142857142857        1.0000011243427729     
   4.4142857142857146        1.0000009377207593     
   4.4228571428571435        1.0000007812794078     
   4.4314285714285715        1.0000006502292518     
   4.4400000000000004        1.0000005405258245     
   4.4485714285714284        1.0000004487577838     
   4.4571428571428573        1.0000003720525075     
   4.4657142857142862        1.0000003079924371     
   4.4742857142857142        1.0000002545453517     
   4.4828571428571431        1.0000002100028018     
   4.4914285714285720        1.0000001729294679     
   4.5000000000000000        1.0000001421186415     
   4.5085714285714289        1.0000001165560952     
   4.5171428571428578        1.0000000953883925     
   4.5257142857142858        1.0000000778974856     
   4.5342857142857147        1.0000000634785207     
   4.5428571428571427        1.0000000516221654     
   4.5514285714285716        1.0000000418991646     
   4.5600000000000005        1.0000000339481572     
   4.5685714285714285        1.0000000274648526     
   4.5771428571428574        1.0000000221936607     
   4.5857142857142863        1.0000000179200166     
   4.5942857142857143        1.0000000144644723     
   4.6028571428571432        1.0000000116772143     
   4.6114285714285721        1.0000000094338160     
   4.6200000000000001        1.0000000076311828     
   4.6285714285714290        1.0000000061844301     
   4.6371428571428570        1.0000000050238851     
   4.6457142857142859        1.0000000040927477     
   4.6542857142857148        1.0000000033448633     
   4.6628571428571428        1.0000000027430145     
   4.6714285714285717        1.0000000022572348     
   4.6800000000000006        1.0000000018636286     
   4.6885714285714286        1.0000000015431212     
   4.6971428571428575        1.0000000012806514     
   4.7057142857142855        1.0000000010643222     
   4.7142857142857144        1.0000000008848215     
   4.7228571428571433        1.0000000007348535     
   4.7314285714285713        1.0000000006087633     
   4.7400000000000002        1.0000000005021623     
   4.7485714285714291        1.0000000004116860     
   4.7571428571428571        1.0000000003347214     
   4.7657142857142860        1.0000000002692755     
   4.7742857142857149        1.0000000002137694     
   4.7828571428571429        1.0000000001669835     
   4.7914285714285718        1.0000000001278999     
   4.7999999999999998        1.0000000000956604     
   4.8085714285714287        1.0000000000695086     
   4.8171428571428576        1.0000000000487403     
   4.8257142857142856        1.0000000000326761     
   4.8342857142857145        1.0000000000206726     
   4.8428571428571434        1.0000000000120843     
   4.8514285714285714        1.0000000000063012     
   4.8600000000000003        1.0000000000027200     
   4.8685714285714292        1.0000000000008098     
   4.8771428571428572        1.0000000000000671     
   4.8857142857142861        1.0000000000000726     
   4.8942857142857141        1.0000000000004676     
   4.9028571428571430        1.0000000000009923     
   4.9114285714285719        1.0000000000014519     
   4.9199999999999999        1.0000000000017291     
   4.9285714285714288        1.0000000000017810     
   4.9371428571428577        1.0000000000016156     
   4.9457142857142857        1.0000000000012859     
   4.9542857142857146        1.0000000000008706     
   4.9628571428571435        1.0000000000004610     
   4.9714285714285715        1.0000000000001441     
   4.9800000000000004        1.0000000000000009     
   4.9885714285714284        1.0000000000000899     
   4.9971428571428573        1.0000000000004365     
   5.0057142857142862        1.0000000000010507     
   5.0142857142857142        1.0000000000018956     
   5.0228571428571431        1.0000000000029268     
   5.0314285714285720        1.0000000000040699     
   5.0400000000000000        1.0000000000052467     
   5.0485714285714289        1.0000000000063700     
   5.0571428571428578        1.0000000000073588     
   5.0657142857142858        1.0000000000081437     
   5.0742857142857147        1.0000000000086648     
   5.0828571428571427        1.0000000000088849     
   5.0914285714285716        1.0000000000087970     
   5.1000000000000005        1.0000000000084082     
   5.1085714285714285        1.0000000000077491     
   5.1171428571428574        1.0000000000068658     
   5.1257142857142863        1.0000000000058271     
   5.1342857142857143        1.0000000000047002     
   5.1428571428571432        1.0000000000035665     
   5.1514285714285712        1.0000000000024942     
   5.1600000000000001        1.0000000000015568     
   5.1685714285714290        1.0000000000008071     
   5.1771428571428570        1.0000000000002911     
   5.1857142857142859        1.0000000000000291     
   5.1942857142857148        1.0000000000000360     
   5.2028571428571428        1.0000000000002986     
   5.2114285714285717        1.0000000000007916     
   5.2200000000000006        1.0000000000014797     
   5.2285714285714286        1.0000000000023130     
   5.2371428571428575        1.0000000000032359     
   5.2457142857142856        1.0000000000041835     
   5.2542857142857144        1.0000000000051033     
   5.2628571428571433        1.0000000000059384     
   5.2714285714285714        1.0000000000066416     
   5.2800000000000002        1.0000000000071696     
   5.2885714285714291        1.0000000000075024     
   5.2971428571428572        1.0000000000076192     
   5.3057142857142860        1.0000000000075184     
   5.3142857142857149        1.0000000000072118     
   5.3228571428571430        1.0000000000067217     
   5.3314285714285718        1.0000000000060736     
   5.3399999999999999        1.0000000000053109     
   5.3485714285714288        1.0000000000044724     
   5.3571428571428577        1.0000000000036049     
   5.3657142857142857        1.0000000000027534     
   5.3742857142857146        1.0000000000019611     
   5.3828571428571435        1.0000000000012688     
   5.3914285714285715        1.0000000000007030     
   5.4000000000000004        3.0528967744507644E-013
   5.4085714285714293        1.0000000000000591     
   5.4171428571428573        1.0000000000000024     
   5.4257142857142862       -4.2028487183345137E-012
   5.4342857142857142        1.2218151725565845E-010
   5.4428571428571431        1.1197286336099204E-012
   5.4514285714285720        1.2342957934446454E-012
   5.4600000000000000        2.1663360151411489E-012
   5.4685714285714289        2.8526797014991172E-012
   5.4771428571428578       -2.3866279368988929E-005
   5.4857142857142858        3.4780155904376229E-012
   5.4942857142857147       -2.4521377983824996E-005
   5.5028571428571436        5.8018778312581281E-012
   5.5114285714285716        1.8823157763324568E-006
   5.5200000000000005       -5.3910568210192623E-006
   5.5285714285714285        5.7262097230921028E-008
   5.5371428571428574       -2.3927381741871873E-006
   5.5457142857142863        2.7615703693512010E-006
   5.5542857142857143        6.2521163578201199E-006
   5.5628571428571432        6.0408880581987229E-008
   5.5714285714285721        2.1768655567114148E-006
   5.5800000000000001        2.2384908930571147E-006
   5.5885714285714290       -2.9676112877455098E-006
   5.5971428571428579        8.9235820870199429E-006
   5.6057142857142859        7.1999511893267398E-009
   5.6142857142857148       -1.8185935449430892E-006
   5.6228571428571428       -1.7917235686868678E-006
   5.6314285714285717       -1.8398345899246220E-006
   5.6400000000000006        2.8424934235680769E-006
   5.6485714285714286        1.2158561155129939E-007
   5.6571428571428575       -1.4842302444447075E-006
   5.6657142857142864        1.3978092534926869E-006
   5.6742857142857144        1.3519124363821268E-006
   5.6828571428571433       -1.3160867883998014E-006
   5.6914285714285713        1.4021841012409747E-006
   5.7000000000000002        2.5608979690554634E-006
   5.7085714285714291        2.5306336843593116E-008
   5.7171428571428571       -1.0381080692386117E-006
   5.7257142857142860       -9.9789334970378964E-007
   5.7342857142857149        9.6282246868416365E-007
   5.7428571428571429       -9.6914956383847990E-007
   5.7514285714285718        1.3802281475152659E-006
   5.7600000000000007        5.7831467191834047E-008
   5.7685714285714287       -7.6586096212932817E-007
   5.7771428571428576       -7.3717827916945338E-007
   5.7857142857142856        7.2874377142657952E-007
   5.7942857142857145        9.2284877656827566E-007
   5.8028571428571434        2.2578680432219538E-006
   5.8114285714285714        1.7739564918064556E-009
   5.8200000000000003       -5.6999104625659314E-007
   5.8285714285714292        5.4623227845127993E-007
   5.8371428571428572       -5.2460229150304257E-007
   5.8457142857142861       -5.0827574830485910E-007
   5.8542857142857150       -5.4309137599965249E-007
   5.8628571428571430        9.6742239268201882E-007
   5.8714285714285719        6.5523045844390767E-009
   5.8799999999999999        4.1005894802958506E-007
   5.8885714285714288        3.9449455379062943E-007
   5.8971428571428577        3.8686487185148543E-007
   5.9057142857142857        4.5712699815600185E-007
   5.9142857142857146        1.0074811215862204E-006
   5.9228571428571435        1.4140085821620186E-009
   5.9314285714285715       -3.1145359413481642E-007
   5.9400000000000004        2.9945627008212951E-007
   5.9485714285714293        2.8879258573512347E-007
   5.9571428571428573        2.8833833290194131E-007
   5.9657142857142862        3.8387260770189887E-007
   5.9742857142857142        1.7359886639191554E-008
   5.9828571428571431        2.3929343417460683E-007
   5.9914285714285720       -2.3062269155058915E-007
   6.0000000000000000       -2.2593350282668876E-007
